0 0.167187 0.348525 0.118750 0.198391
0 0.387500 0.430295 0.128125 0.209115
0 0.403516 0.583780 0.099219 0.052279
0 0.514063 0.689008 0.134375 0.085791
0 0.681250 0.711796 0.146875 0.093834
0 0.858984 0.729893 0.155469 0.119303
0 0.597656 0.551609 0.098437 0.175603
0 0.712109 0.561662 0.113281 0.166220
0 0.771484 0.220509 0.122656 0.162198
3 0.404687 0.407507 0.262500 0.238606
3 0.160156 0.388740 0.153125 0.436997
3 0.248438 0.669571 0.471875 0.239946
3 0.683594 0.782172 0.562500 0.290885
3 0.676172 0.523458 0.319531 0.245308
3 0.782031 0.282172 0.157812 0.406166
