4 0.355469 0.083110 0.314062 0.064343
4 0.686719 0.083780 0.315625 0.084450
4 0.710156 0.154155 0.320312 0.072386
4 0.705078 0.205094 0.347656 0.080429
4 0.706250 0.255362 0.328125 0.084450
4 0.694141 0.343834 0.367969 0.073727
4 0.699219 0.408847 0.373438 0.048257
4 0.739453 0.469169 0.392969 0.067024
4 0.707422 0.528820 0.411719 0.087131
4 0.760938 0.616622 0.417187 0.104558
4 0.741016 0.764075 0.461719 0.109920
4 0.260156 0.794236 0.456250 0.140751
4 0.255859 0.594504 0.438281 0.100536
4 0.270703 0.506032 0.417969 0.087131
4 0.328906 0.150804 0.346875 0.057641
4 0.323828 0.266756 0.358594 0.048257
4 0.291797 0.373995 0.377344 0.048257
4 0.286328 0.434316 0.399219 0.061662
